24x11
9 9 9 9 9 9 9 9 9 9 9
9 4 4 4 4 9 4 4 4 4 9
9 4 4 4 4 9 4 4 4 4 9
9 9 9 9 9 9 9 9 9 9 9
9 9 9 9 7 9 9 9 9 9 9
7 7 0 4 8 9 9 4 9 9 9
4 0 1 0 5 9 9 4 9 9 9
8 9 0 0 9 9 9 4 9 9 9
9 9 8 9 7 9 9 4 9 9 9
9 9 9 9 9 9 9 2 9 4 9
9 9 9 9 9 7 7 8 6 4 8
9 9 9 9 9 9 9 9 2 5 8
9 9 2 2 8 9 8 2 4 1 7
9 9 9 9 9 9 9 9 8 0 8
9 5 9 9 9 9 9 9 4 1 0
9 0 8 8 8 8 0 9 4 4 2
8 7 0 1 1 1 7 8 9 5 6
7 6 1 6 6 1 6 7 4 4 4
6 5 1 1 1 1 5 6 4 4 4
5 4 4 1 4 4 0 5 4 4 4
5 2 3 1 3 3 0 5 7 0 8
3 2 1 0 1 2 3 3 1 1 5
2 0 1 0 1 0 0 2 1 1 1
9 9 9 9 9 9 0 9 1 1 1